plant
1 
20 
20 
10 
15 
10 
15 
4 
0 
605 
0 
42 
220 
20 
221 
19 
210 
46 
206 
39 
0 
32 
0 
11 
0 
0 
0 
51 
50 
0 
0 
0 
0 
0 
34 
0 
0 
0 
1 
0 
0 
0 
0 
2 
0 
1 
0 
0 
0 
7 
0 
0 
69 
4 
1526 
0 
1 
0 
0 
1 
1 
1 
1 
0 
1 
2 
0 
0 
0 
0 
0 
0 
3 
0 
5 
0 
-1 
0 
0 
0 
0 
0 
0 
3 
2 
1 
1 
1 
10 
1 
0 
1 
5 
-1 
1 
0 
0 
1 
0 
4 
0 
1 
0 
0 
24 
0 
24 
0 
8 
0 
0 
1 
1 
0 
0 
1 
0 
4 
2 
2 
1 
0 
3 
0 
0 
0 
0 
1 
4 
1 
0 
1 
2 
1 
1 
1 
1 
3 
0 
1 
1 
1 
1 
1 
1 
0 
0 
0 
0 
0 
0 
0 
0 
0 
0 
0 
0 
0 
0 
1 
1 
0 
1 
1 
1 
1 
0 
0 
1 
1 
1 
0 
1 
1 
1 
1 
1 
1 
1 
1 
1 
1 
1 
1 
1 
0 
2 
0 
0 
0 
0 
0 
0 
0 
0 
0 
0 
0 
0 
0 
0 
0 
0 
0 
0 
0 
0 
0 
0 
0 
0 
0 
0 
0 
0 
0 
0 
0 
0 
0 
0 
0 
0 
0 
0 
0 
0 
0 
0 
205 
0 
0 
0 
0 
0 
0 
0 
0 
0 
0 
0 
0 
0 
0 
0 
0 
0 
0 
0 
0 
0 
0 
0 
0 
0 
0 
0 
0 
0 
0 
0 
0 
0 
0 
0 
0 
0 
0 
0 
0 
0 
0 
0 
0 
0 
0 
0 
0 
0 
1 
0 
0 
0 
1 
0 
0 
0 
0 
0 
1 
0 
1 
0 
0 
2 
0 
1 
0 
0 
1 
0 
0 
0 
0 
2 
1 
0 
0 
0 
0 
0 
0 
1 
0 
0 
0 
0 
0 
1 
0 
0 
0 
0 
0 
0 
0 
0 
0 
0 
16 
3 
19 
0 
0 
0 
0 
0 
0 
0 
0 
0 
0 
0 
0 
0 
0 
0 
0 
0 
0 
0 
0 
0 
0 
0 
0 
0 
0 
0 
0 
0 
0 
0 
0 
0 
0 
0 
0 
0 
0 
0 
0 
0 
0 
0 
0 
0 
0 
0 
0 
1500 
1 
0 
2 
2 
1 
3 
5 
0 
0 
0 
0 
0 
0 
0 
0 
0 
0 
26 
3 
1 
0 
1 
1 
1 
0 
0 
90 
3 
53 
0 
20 
10 
0 
2 
1 
0 
0 
5 
0 
2 
0 
0 
0 
6 
6 
0 
5 
1 
1 
0 
0 
0 
0 
0 
0 
0 
4 
1 
0 
0 
0 
2 
1 
1 
1 
1 
1 
1 
0 
3 
0 
0 
0 
0 
4 
0 
0 
0 
0 
1 
1 
1 
1 
1 
0 
0 
0 
0 
2 
0 
0 
0 
1 
1 
0 
0 
0 
0 
17 
0 
1 
1 
1 
2 
1 
0 
1 
3 
8 
1 
0 
0 
0 
1 
0 
0 
0 
0 
0 
0 
0 
0 
0 
0 
0 
0 
0 
0 
0 
0 
0 
0 
0 
0 
0 
0 
0 
0 
0 
0 
1 
0 
0 
0 
5 
0 
0 
0 
0 
0 
0 
0 
0 
0 
0 
0 
0 
0 
0 
0 
208 
1 
1 
1 
337 
320 
628259 
0 
0 